35 53 75 37 9 20 97 5 22 92 21 19 2 66 64 43 82 58 8 50 13 95 67 60 94 78 38 90 89 54 47 3 40 79 48 99 57 68 81 76 74 83 31 36 69 63 62 96 4 56 25 7 51 77 91 26 14 15 70 65 10 33 16 28 80 34 84 42 1 87 18 71 11 41 93 61 32 98 55 85 17 59 72 6 27 73 86 24 52 44 45 30 49 88 23 46 29 12 100 39
83 17 65 31 35 74 84 70 16 67 2 36 63 1 86 72 26 44 50 48 18 27 85 89 3 42 38 47 90 100 97 58 73 79 8 93 82 80 78 87 94 52 53 22 75 71 55 9 56 49 12 60 23 25 28 13 20 91 76 37 32 4 59 54 10 61 88 40 99 95 11 96 33 39 92 29 6 30 81 7 68 41 77 14 69 24 46 64 51 34 43 45 66 62 5 21 19 57 98 15
30 46 37 57 41 10 8 75 82 35 96 90 79 15 97 23 89 44 58 99 56 26 3 100 73 74 47 42 76 54 84 17 81 94 87 72 80 95 39 61 83 34 29 59 50 93 43 18 51 7 65 1 6 9 22 20 16 70 69 33 38 78 27 5 71 85 31 11 24 4 32 98 12 60 45 48 28 66 21 55 2 13 92 40 86 68 77 53 62 64 19 63 49 25 14 52 67 91 88 36
28 33 50 20 66 88 34 52 83 14 11 53 6 75 54 82 16 48 55 84 21 67 25 5 76 24 1 59 51 17 69 62 72 61 58 45 4 32 40 60 29 71 57 79 94 96 91 47 26 38 10 27 80 56 68 8 98 74 85 42 99 12 3 39 78 46 92 93 2 13 81 73 43 95 35 44 70 87 63 41 89 18 31 23 100 97 65 9 22 37 15 49 77 7 86 64 90 30 36 19
90 63 83 54 19 55 20 41 18 89 30 12 79 2 87 10 28 76 17 15 27 39 45 13 56 94 37 60 73 25 21 74 51 29 75 43 38 23 7 72 36 52 1 80 88 35 31 100 69 82 5 86 14 93 58 96 98 95 91 46 57 81 3 68 65 24 85 92 64 97 67 6 78 33 11 47 34 16 49 22 66 50 8 59 42 61 48 44 99 4 32 70 84 9 40 26 71 53 62 77
68 71 70 27 36 4 85 64 78 54 28 15 22 40 24 20 100 38 18 5 80 81 67 6 87 26 44 16 93 53 51 45 86 55 60 8 7 82 9 61 98 92 42 48 47 46 57 10 97 3 62 94 66 12 31 14 37 59 56 29 90 25 23 43 77 91 32 65 58 83 79 89 1 21 72 30 75 35 52 41 39 13 95 19 11 73 2 76 84 34 88 96 49 99 33 69 63 50 74 17
40 42 52 55 76 12 54 72 49 96 68 3 6 74 41 9 47 97 48 28 75 61 29 37 2 84 67 77 38 46 44 87 92 70 24 21 64 27 93 18 91 58 7 80 88 14 36 1 57 69 79 15 25 16 43 51 45 86 32 8 11 66 39 17 10 19 20 100 94 62 78 30 34 95 31 5 56 59 13 4 85 35 81 23 71 73 98 33 60 53 99 50 82 89 90 22 83 63 65 26
92 24 75 57 1 85 50 8 70 53 40 49 56 59 42 97 29 52 31 64 58 34 66 10 77 20 27 36 28 82 93 86 9 32 68 47 55 61 25 37 7 39 83 72 4 63 54 16 13 17 76 99 98 73 96 84 6 62 21 65 74 95 14 2 46 12 60 100 30 5 94 23 79 41 87 71 67 22 78 69 81 80 18 11 43 33 48 19 89 44 35 38 15 3 90 91 51 45 88 26
12 84 28 40 22 29 26 3 62 80 14 55 98 47 60 24 25 16 48 85 75 65 74 8 99 59 100 46 38 34 31 45 72 52 21 30 9 79 37 5 63 81 10 20 83 35 76 1 82 23 11 2 89 18 42 53 13 93 70 58 86 7 69 67 92 36 94 64 43 4 61 77 68 90 50 96 88 73 91 41 57 78 66 49 32 44 95 27 33 15 51 39 71 19 87 54 97 56 6 17
297 161 432 437 435 417 345 329 296 348 94 75 41 283 313 17 224 433 492 133 459 497 52 48 186 126 234 23 127 68 454 67 66 411 377 369 65 139 263 494 285 255 216 273 374 197 426 259 487 108 247 368 392 429 194 362 289 311 248 34 306 220 424 171 54 215 468 62 22 295 327 458 88 100 39 169 324 180 240 7 477 412 486 103 9 181 51 286 354 207 188 352 275 118 434 271 419 397 279 483 344 128 208 292 360 16 109 158 294 330 453 474 272 488 312 24 347 163 346 356 339 122 12 176 72 265 303 61 366 225 19 425 121 73 29 451 53 420 135 104 221 365 78 387 380 184 92 144 399 32 116 114 168 304 485 232 288 281 268 13 130 391 337 428 455 383 206 123 408 341 398 101 500 173 318 244 60 193 325 431 373 415 91 307 480 390 456 466 254 340 389 350 56 401 243 450 353 50 27 148 328 370 170 464 482 470 185 20 262 301 77 334 183 496 11 42 278 462 115 211 409 317 375 198 338 146 258 38 396 242 251 430 351 403 469 405 448 80 227 167 422 364 388 105 238 143 214 479 160 96 280 302 293 439 239 64 192 274 107 245 440 164 119 35 444 69 31 393 191 336 76 111 382 147 498 151 157 5 137 189 358 473 385 142 89 140 120 136 457 195 277 218 241 291 481 95 471 141 10 267 196 49 90 379 55 203 384 266 423 156 452 407 125 371 179 201 413 43 30 441 493 284 21 57 86 314 386 461 406 231 257 237 342 319 460 149 467 400 26 416 495 132 222 355 427 117 8 287 226 155 83 476 174 310 36 491 200 282 44 150 305 187 84 59 223 447 134 372 166 1 260 210 404 446 395 436 335 250 138 475 309 465 229 217 438 472 45 93 359 204 489 322 154 165 349 246 418 28 63 6 315 367 37 47 87 230 212 378 323 74 256 102 270 316 376 177 402 332 308 449 106 175 252 145 131 209 443 182 463 233 264 112 172 499 202 235 178 40 99 421 97 46 484 153 363 276 213 269 478 25 190 236 361 70 299 110 414 113 442 490 253 321 249 343 331 381 205 79 162 71 129 82 290 81 199 33 326 2 152 98 124 85 3 333 219 410 445 58 298 18 320 14 300 228 357 394 261 159 4 15
323 491 401 116 451 373 180 283 115 246 369 363 459 426 434 9 190 375 179 248 433 338 407 245 177 58 458 460 243 112 306 386 131 233 6 468 60 464 142 194 176 388 191 69 425 73 61 29 222 172 328 111 30 499 319 297 273 254 132 129 164 448 63 168 74 108 444 196 377 420 354 80 136 285 296 8 301 496 404 93 187 450 408 151 76 260 17 182 49 299 282 342 270 31 109 149 1 371 215 128 397 362 244 379 137 64 492 447 279 480 262 167 43 41 391 321 250 5 71 124 376 123 156 103 302 330 217 236 487 406 393 364 218 181 47 445 495 7 45 400 467 329 189 118 409 382 224 326 158 221 475 293 476 366 169 411 423 82 53 40 206 465 256 412 265 105 278 150 344 421 99 359 252 173 50 415 272 212 396 309 95 336 381 414 96 320 484 15 13 242 322 81 162 340 75 317 461 442 427 267 462 474 68 66 387 361 54 312 144 134 14 318 263 16 298 65 490 370 175 440 126 454 289 353 83 219 94 268 355 19 435 106 286 295 35 135 226 313 457 2 213 316 24 234 21 478 201 154 424 25 348 264 146 413 220 48 37 89 488 170 20 165 347 350 339 349 195 469 44 159 157 100 452 372 141 79 428 345 87 183 310 205 199 114 439 324 92 311 12 34 216 249 266 26 470 402 449 86 232 185 143 152 253 351 230 341 417 11 52 368 284 276 290 384 178 419 498 121 271 163 203 90 331 32 247 277 38 28 192 385 186 418 119 437 360 204 356 374 483 161 308 33 3 98 57 125 493 438 473 410 88 305 229 430 357 107 403 209 288 352 258 78 378 304 274 122 223 436 479 300 395 482 441 210 405 133 174 291 443 472 446 240 46 307 130 211 56 398 431 104 166 392 399 23 380 453 51 383 91 67 261 429 432 314 18 127 227 198 22 55 102 489 39 155 140 197 333 193 456 235 202 110 303 346 160 365 145 455 251 117 390 238 70 367 147 325 36 485 358 497 42 237 4 292 337 208 481 281 494 416 184 148 153 477 10 315 231 500 228 332 422 138 255 139 27 327 241 389 225 466 120 275 97 280 59 394 269 85 62 113 101 214 200 471 343 84 463 335 239 171 188 334 287 259 257 486 77 294 207 72
313 721 522 528 847 723 30 50 693 356 134 477 646 632 590 447 770 720 389 852 819 607 665 994 375 864 61 156 727 585 555 998 926 554 360 626 86 893 579 223 349 816 282 326 44 1 903 594 292 804 364 497 218 973 552 817 159 438 810 670 642 63 272 945 789 373 94 276 798 955 924 898 294 493 280 759 330 343 354 229 748 960 977 536 348 690 668 531 532 108 137 498 562 647 953 811 146 485 490 39 558 510 901 154 279 682 997 762 750 295 922 936 958 695 876 527 411 236 883 764 560 763 329 23 182 179 310 68 277 443 563 274 866 496 459 756 120 862 448 232 106 249 48 818 88 889 941 339 578 645 765 17 291 837 298 252 337 172 76 248 761 78 367 949 660 978 22 83 892 410 42 119 729 306 193 980 258 163 853 827 684 237 983 359 445 175 651 299 934 177 722 999 989 344 506 235 933 469 213 537 553 739 427 575 96 957 415 409 784 383 813 341 200 395 431 707 423 475 524 233 515 124 393 382 557 698 726 868 971 601 487 207 426 991 956 674 583 145 634 749 869 873 935 158 757 16 509 378 775 381 425 719 173 950 492 36 111 246 681 434 333 25 340 808 975 161 769 3 672 728 464 993 595 705 46 220 133 976 565 408 891 577 65 489 437 455 738 38 127 261 99 609 20 495 435 760 188 58 628 824 385 474 273 54 948 968 669 954 117 47 776 376 144 820 444 799 504 589 895 41 314 317 897 169 874 165 568 974 43 471 572 428 947 683 741 365 81 2 400 109 115 919 597 633 566 424 732 141 209 319 700 323 387 758 793 604 29 392 451 278 462 467 494 345 588 872 615 802 887 831 346 228 196 358 773 212 526 311 254 152 394 87 643 338 253 587 673 500 281 192 914 121 661 157 361 73 656 856 918 226 508 570 203 301 911 352 713 861 234 961 486 138 204 483 197 113 116 91 353 446 391 782 711 247 801 823 380 300 93 77 130 610 671 499 809 422 839 502 460 199 879 796 835 689 822 89 677 331 964 550 505 581 397 888 844 450 512 908 269 519 147 529 915 31 812 814 620 270 399 742 283 755 611 920 18 441 259 452 347 746 618 388 910 369 480 5 405 24 648 363 176 190 927 97 790 430 290 155 940 806 27 860 15 637 71 725 334 187 605 712 102 112 332 320 865 52 1000 150 981 312 783 985 114 357 636 631 942 132 539 514 703 894 667 905 747 288 517 867 740 795 181 549 418 449 612 871 624 843 520 466 907 649 420 655 491 205 463 678 530 255 635 751 966 355 374 104 807 215 162 160 318 240 350 164 225 140 951 476 525 221 267 737 534 82 186 107 913 184 561 305 675 245 151 40 238 62 731 7 149 251 516 902 569 686 105 518 368 324 521 928 284 716 100 262 293 286 335 992 178 556 129 641 608 72 582 654 167 456 623 548 484 302 442 8 616 57 965 126 979 433 268 402 202 829 855 574 103 882 875 379 470 174 377 884 90 929 19 972 453 468 546 191 401 937 800 614 478 925 617 715 264 37 370 704 414 183 416 386 482 987 189 458 472 663 904 613 366 45 523 185 559 481 64 744 51 304 84 828 662 845 9 6 390 916 842 778 465 659 714 55 542 657 328 371 774 697 984 791 26 932 680 171 384 896 779 780 85 753 122 440 75 788 327 995 859 260 432 832 593 787 407 231 10 766 70 982 880 101 664 694 944 59 285 28 736 834 404 275 909 857 969 351 256 970 168 32 625 535 666 142 170 14 239 621 833 962 564 685 752 210 988 706 92 56 906 412 931 687 596 946 599 771 734 921 198 507 767 429 967 194 990 996 69 79 567 627 772 630 336 153 309 180 777 540 939 123 266 701 959 308 815 406 315 826 986 658 600 503 303 692 166 923 849 216 34 67 263 271 501 457 644 511 699 541 679 602 419 13 841 963 702 890 709 598 830 805 21 917 316 289 372 545 754 606 571 533 195 538 230 900 718 4 851 640 870 676 622 479 454 943 745 885 881 473 35 899 224 53 257 362 211 135 797 250 547 785 652 653 603 80 321 952 403 217 877 128 710 848 214 838 551 768 580 629 242 342 74 733 11 98 544 638 592 66 241 743 417 688 461 735 244 143 243 858 413 227 287 938 296 781 139 118 439 586 110 717 794 33 307 222 803 201 265 60 730 840 398 576 854 792 886 846 513 724 49 930 12 396 650 878 912 219 136 131 863 208 125 786 488 584 639 206 696 825 543 691 421 821 708 148 297 436 322 619 325 573 95 850 591 836
519 915 568 109 529 295 836 187 582 294 476 359 878 147 863 162 966 504 868 684 81 586 211 141 200 528 142 567 525 346 718 146 923 53 78 654 247 376 198 502 526 43 469 728 292 316 906 63 619 481 107 593 313 345 40 305 172 937 325 499 715 194 462 177 572 719 55 9 320 161 942 555 785 782 464 781 82 713 25 270 74 31 272 993 674 151 590 600 625 7 676 304 491 867 351 706 489 730 852 919 97 411 596 756 10 1000 973 815 99 328 100 495 290 646 424 140 968 363 301 948 163 429 843 736 816 849 733 932 402 103 913 702 946 118 399 701 310 675 831 643 911 456 696 69 475 558 996 861 512 406 788 467 920 987 976 51 530 834 853 150 86 669 613 296 927 387 443 149 357 705 651 855 971 548 225 196 629 513 319 786 477 592 143 75 694 884 350 361 633 673 821 255 88 660 760 458 234 579 981 653 661 57 76 365 370 506 635 947 658 28 958 442 256 780 995 775 479 716 935 682 437 875 170 362 244 463 277 396 809 777 264 664 286 704 191 122 471 657 769 260 840 505 287 39 784 123 250 751 395 887 5 800 138 22 374 665 111 397 373 711 54 955 648 931 299 532 231 408 587 846 64 787 202 461 801 832 894 223 380 792 426 670 181 391 842 552 317 984 289 6 655 944 242 210 137 273 992 473 509 764 668 860 720 106 952 307 94 238 232 8 135 975 127 614 91 770 116 457 599 710 804 753 104 352 56 24 703 810 882 197 989 440 870 174 312 739 300 65 17 331 349 845 585 269 342 544 494 812 941 354 271 950 428 348 201 407 446 460 480 126 622 545 945 343 452 246 340 727 620 419 189 829 535 112 347 367 806 566 16 67 904 321 378 441 748 27 221 649 723 695 114 796 953 656 70 743 188 314 534 980 797 554 41 752 450 921 828 621 60 690 488 35 240 216 637 634 414 644 991 848 156 179 576 763 873 738 869 893 818 279 986 405 212 854 988 472 918 130 731 773 468 433 208 2 741 536 858 724 618 856 707 850 603 541 862 907 623 423 833 237 186 691 934 192 326 235 327 500 297 627 92 687 236 708 421 377 617 239 209 403 569 807 578 874 280 563 549 871 766 484 447 972 29 254 883 384 632 358 680 33 425 20 895 308 48 490 412 252 830 900 789 386 375 628 827 771 939 71 520 324 226 89 315 222 959 943 564 624 802 949 556 128 584 401 808 84 409 413 615 298 699 393 835 466 841 737 355 439 916 922 888 721 826 865 776 747 951 779 15 249 698 233 257 768 160 515 844 963 577 837 219 496 562 899 892 330 318 936 570 740 66 339 898 379 822 282 795 275 683 32 630 692 398 872 880 178 72 416 926 518 79 266 11 344 755 470 180 521 914 129 982 148 700 817 14 759 217 929 979 445 474 95 432 195 507 459 717 493 394 288 77 434 3 73 334 559 438 641 757 268 612 645 248 678 604 709 173 744 685 994 155 444 885 890 598 799 454 851 679 371 839 62 110 21 1 306 302 580 667 144 889 540 322 905 183 26 725 276 956 417 311 169 602 251 516 794 263 997 323 805 451 575 803 527 119 672 23 498 732 167 969 638 125 881 164 485 561 962 917 332 933 581 631 206 285 102 46 693 139 557 531 259 689 977 120 487 597 337 449 967 274 859 879 329 671 193 131 335 369 866 18 983 517 589 96 903 588 366 749 98 990 190 176 38 19 957 37 897 662 153 36 659 381 80 121 514 726 511 243 533 83 293 152 157 333 508 50 388 783 652 478 616 12 492 52 68 642 626 688 199 925 772 503 175 901 30 608 790 281 551 681 220 666 278 113 486 647 539 560 182 686 422 430 636 565 309 136 58 798 93 553 606 573 13 364 482 886 45 4 132 891 87 214 207 961 542 985 864 909 115 543 124 745 133 611 418 774 360 750 791 601 965 284 85 501 778 754 483 605 453 938 61 607 90 609 415 712 168 261 908 400 203 368 978 59 229 465 813 431 940 341 960 746 824 838 158 761 227 970 105 134 497 964 610 224 639 912 734 215 435 291 404 594 159 389 184 954 742 857 253 998 697 145 241 420 101 436 571 34 372 154 204 714 640 265 896 523 877 356 650 825 171 677 574 228 595 876 47 455 537 550 924 205 166 930 758 765 538 385 767 218 392 762 847 583 185 108 546 338 999 510 390 735 448 974 258 814 823 165 336 522 213 410 49 547 902 820 591 524 117 303 819 383 353 382 44 722 42 283 230 910 663 267 262 427 245 729 793 811 928
-5 -6 8 -2 -10 -1 7 5 -8 -9 10 0 -4 9 -7 2 -3 6 4 3 1
-5 -4 -10 4 -3 -2 -7 6 0 -9 7 -8 2 9 -1 8 1 3 10 5 -6
8 4 -10 10 3 -3 0 7 6 -2 5 -6 -5 -1 -7 -4 9 -8 -9 1 2
2 -4 -10 -6 4 8 -7 -1 5 -8 6 9 -5 1 10 -2 -3 -9 3 0 7
-3 -10 -2 4 6 8 -7 -1 5 -9 0 1 -5 -8 10 3 9 -6 2 -4 7
4 8 7 3 -9 9 10 -2 0 -1 6 1 -4 5 -3 -6 2 -10 -5 -7 -8
5 -1 -2 -6 1 3 10 -8 -7 7 -5 -10 -9 4 2 8 -4 6 9 -3 0
-5 1 4 0 9 5 -10 8 -4 -6 -2 7 -3 -8 -9 -1 10 -7 6 3 2
1 7 5 -9 -2 -5 -3 -10 -8 -1 8 9 -7 6 0 -6 4 3 2 -4 10
7 0 8 -5 -9 2 -8 -4 -6 4 1 -3 5 -10 9 -7 -2 6 3 10 -1
4 -7 -10 8 1 -4 -1 10 -9 -2 5 -3 2 6 9 -5 0 7 -6 3 -8
-5 -7 9 -10 -2 1 -6 -3 7 6 5 -8 -9 10 8 3 2 0 -4 4 -1
2 -7 0 -2 8 -9 3 10 -8 9 5 -10 -3 -1 7 -4 6 1 -5 4 -6
5 -3 2 9 7 -2 -7 -6 8 10 -9 0 -10 4 -8 1 -1 -4 6 -5 3
-5 6 0 4 2 -3 10 -2 -1 -7 -4 -10 7 9 5 -8 -9 1 -6 8 3
0 1 -5 -7 -10 -1 -8 5 -6 9 7 10 -2 6 8 4 -3 2 -9 -4 3
0 7 -6 -4 10 -10 -8 5 -9 6 -5 -3 -7 -2 1 8 2 3 4 9 -1
4 -5 10 -9 -2 9 -4 3 -3 7 5 6 0 -1 8 -7 1 -6 2 -10 -8
-24 -41 -49 -5 -18 -30 -36 -32 -22 -19 0 -45 -43 -39 -48 -50 -6 -15 -47 -46 -9 -10 -13 -2 -33 -23 -28 -34 -8 -21 -12 -27 -31 -26 -42 -37 -25 -20 -35 -16 -1 -40 -44 -3 -17 -7 -4 -29 -14 -38 -11
-12 -9 -3 -34 -39 -46 0 -1 -15 -45 -7 -2 -37 -30 -8 -27 -32 -18 -16 -41 -6 -28 -38 -21 -13 -35 -33 -40 -47 -48 -49 -19 -14 -22 -20 -25 -5 -23 -42 -43 -31 -26 -44 -36 -29 -10 -17 -4 -11 -50 -24
-21 -28 -9 -10 -3 -30 -46 -26 -15 -27 -1 -37 -20 -24 -33 -5 -41 -32 -39 -12 -49 -18 -6 -31 -13 -42 -19 -7 -17 -43 -38 0 -23 -40 -29 -47 -35 -2 -16 -25 -11 -44 -34 -4 -22 -8 -14 -50 -36 -48 -45
-38 -6 -2 -17 -50 -15 -27 -34 -19 -4 -42 -36 -24 -14 -21 -44 -31 -45 -3 -48 0 -9 -1 -7 -23 -43 -12 -33 -29 -10 -13 -28 -5 -18 -40 -16 -25 -49 -37 -47 -30 -22 -8 -20 -32 -46 -26 -39 -41 -35 -11
-19 -3 -39 -8 0 -18 -23 -47 -5 -25 -32 -28 -37 -31 -6 -38 -30 -29 -33 -13 -10 -49 -22 -14 -48 -16 -44 -7 -4 -45 -26 -43 -21 -17 -34 -36 -2 -41 -35 -20 -12 -11 -40 -1 -50 -42 -27 -46 -9 -24 -15
-7 -8 -4 -23 -5 -20 -38 -26 -41 -34 -42 -49 -29 -36 -50 -30 -43 -18 -33 -44 -1 -13 -19 -10 -6 -24 -32 -48 -27 -9 -47 -2 -11 -45 -16 -14 -3 -12 -39 -21 -25 -35 -28 -17 -15 -22 -40 0 -37 -31 -46
-11 -12 -19 -49 -10 -34 -41 -8 -16 -21 -31 -38 -32 -44 -4 -3 -39 -17 -47 -43 -22 -6 -36 -9 -33 -50 -2 -13 -37 -27 -45 -40 -20 0 -30 -46 -48 -18 -26 -42 -7 -14 -5 -24 -1 -29 -28 -25 -23 -15 -35
-35 -50 -6 -25 -18 -23 -5 -36 0 -24 -21 -4 -30 -16 -10 -31 -46 -14 -11 -32 -40 -27 -47 -33 -19 -48 -20 -43 -1 -15 -38 -45 -2 -9 -28 -34 -39 -13 -7 -29 -17 -37 -41 -49 -8 -44 -12 -22 -42 -3 -26
-45 -41 -12 -22 -17 -34 -42 -20 -29 -24 -46 -36 -15 -32 -13 -11 -19 -3 -50 -47 -49 -8 -35 -7 -31 -26 -10 -16 -30 -38 -21 -23 -4 -6 -27 -37 -2 -43 -40 -28 0 -9 -48 -39 -14 -5 -33 -44 -25 -18 -1
-40 -20 -37 -17 -31 -41 -49 -1 -50 -8 -46 0 -27 -45 -32 -4 -12 -9 -44 -26 -29 -13 -2 -7 -34 -24 -23 -35 -43 -11 -33 -16 -42 -47 -38 -28 -22 -6 -18 -10 -3 -21 -39 -36 -19 -14 -15 -30 -5 -25 -48
-45 -27 -41 0 -34 -23 -6 -12 -46 -42 -31 -11 -36 -38 -4 -50 -32 -9 -35 -2 -18 -21 -26 -1 -47 -39 -25 -37 -10 -5 -7 -29 -44 -40 -16 -30 -13 -14 -43 -22 -28 -24 -48 -15 -19 -33 -17 -49 -8 -20 -3
-10 -31 0 -9 -33 -17 -30 -29 -26 -34 -45 -14 -38 -21 -28 -39 -48 -8 -41 -27 -4 -16 -3 -1 -5 -49 -11 -6 -12 -44 -18 -24 -50 -32 -35 -37 -42 -20 -47 -46 -7 -43 -36 -13 -2 -25 -23 -19 -15 -40 -22
-48 -32 -35 -4 -43 -36 -19 -10 -9 -20 -40 -37 -31 -5 -22 -47 -45 -49 -27 -25 -41 -39 -12 -33 -17 -14 -44 -3 -16 -42 -21 -23 -26 -28 -11 -2 0 -34 -29 -7 -13 -46 -38 -24 -6 -15 -30 -50 -1 -8 -18
-3 -48 -25 -2 -47 -9 -30 -10 -34 -22 -39 -29 -36 -24 -37 -16 -46 -31 -20 -6 -21 -50 -44 -17 -32 -23 -7 -4 -45 -49 -43 -35 -18 -13 -28 -12 -40 0 -19 -14 -8 -5 -27 -42 -11 -41 -1 -33 -38 -15 -26
-37 -38 -29 -15 -12 -41 -10 -24 -31 -2 -48 -26 -36 -44 -5 -45 -47 -42 -22 -23 -20 -27 0 -43 -21 -50 -1 -33 -9 -39 -40 -32 -17 -34 -28 -19 -35 -49 -25 -30 -16 -13 -11 -18 -3 -6 -7 -8 -46 -14 -4
-11 -27 -19 -38 -9 -35 -43 -50 -22 -42 -30 -5 -8 -48 -16 -4 -6 -10 -28 -47 -33 -36 -13 -46 -29 -45 -49 -1 -24 -3 -26 -14 -44 -31 0 -40 -37 -12 -15 -21 -2 -41 -39 -17 -18 -25 -34 -32 -7 -23 -20
-1 -29 -9 -48 -39 -6 -43 -14 -33 -34 -11 -28 -18 -2 -8 -24 -10 -37 -23 -41 -22 -50 -5 -16 -20 -17 -7 -4 -30 -15 -3 0 -42 -45 -32 -40 -27 -25 -35 -31 -47 -12 -49 -46 -36 -38 -44 -26 -19 -13 -21
-21 -4 -30 -7 -15 -1 -42 -19 -3 -9 -31 -45 -17 -46 -50 -26 -35 -34 -48 -18 -16 -20 -39 -10 -41 -40 -13 -5 -6 -38 -22 -37 -23 -28 -43 -24 -47 -32 -36 0 -49 -25 -33 -44 -27 -11 -12 -14 -8 -29 -2
-47 -8 -3 -9 -4 -50 -17 -5 -7 -49 -25 -1 -40 -14 -37 -26 -20 -48 -44 -6 -35 -27 -41 -21 -2 -28 -29 -34 -13 -46 -39 -45 -18 -43 -31 -24 -10 -19 -36 -38 -33 -23 -12 -42 0 -22 -32 -16 -30 -15 -11
